9356
5028
9057
9511
4095
8951
467
2026
3426
5256
9989
3903
5023
7588
1416
3700
2492
6397
5252
7042
6074
2746
4321
8382
3621
2404
72
2346
9024
6723
9555
8731
6222
4892
9882
8729
2456
6828
4534
1218
7416
1616
1410
3728
6501
9729
1087
5598
3902
7247
1247
9473
2988
9542
7200
1772
5605
5976
8691
4729
6541
3888
2446
7426
9702
7378
4958
3556
6368
6296
6951
2327
9786
1295
6268
8103
5911
5094
4207
9621
6500
3476
6330
7142
6807
4257
605
6389
4459
6592
2048
5425
1119
8747
3878
6124
4845
5030
6881
6369
9893
9145
3089
9031
4170
7583
559
2295
9361
4022
501
1537
8641
7176
7330
7520
797
5070
1319
6556
658
8318
8930
9049
2357
6361
5397
7660
5682
7535
3221
8086
412
2106
9270
4487
4760
494
5860
8336
7216
5512
4554
2973
4659
6692
4966
5888
226
8854
4446
1500
166
5346
5102
615
9602
4796
8793
2222
1832
3984
3651
3740
1706
7453
6243
9943
2073
5210
288
5595
9414
7198
6538
7073
7353
4753
6754
1406
3145
9260
6348
3573
1129
1120
1036
1970
3437
805
2997
2539
9106
2776
2447
4611
842
1783
2824
6578
3576
2996
4947
5001
8022
309
6429
5935
5787
8164
2780
1399
4658
1611
4741
614
8911
3919
688
3713
7560
7722
1160
8823
6787
2553
3022
4005
6393
6214
170
5929
5311
4198
7870
1883
8070
3554
4136
2103
7845
8682
1299
1881
9261
4280
1757
8515
7380
1951
1323
2489
8492
3771
8501
3506
8380
8084
9283
6319
1020
9721
7177
8197
4376
8205
1869
991
8643
4314
5388
334
9380
612
7333
59
8505
2535
1992
3512
3258
8254
927
9433
9411
6224
3464
7126
1072
7409
3260
6377
2072
1998
1055
8869
6877
8783
644
7805
2351
9558
2838
1959
2632
4463
1426
1557
1704
2244
2671
9909
7370
8723
6193
4553
5454
7657
3791
6543
5158
9973
9534
9358
822
4934
2802
6280
5750
8952
82
2181
4580
5151
568
1538
8147
1189
4051
9846
8087
8339
8458
193
6365
4601
5174
7783
7439
9142
6278
204
8223
1759
8846
2416
6741
3111
2296
947
7607
9096
8050
9620
1850
3468
7341
4436
5723
9509
3142
2727
2424
3981
5511
5687
4932
4440
8703
6522
2069
1211
9538
6829
8240
1582
5254
5647
9200
2378
234
5725
7219
599
2569
7686
1586
9406
38
8224
1266
4154
9630
9370
9743
7375
8262
1192
6267
7302
961
7489
2111
242
1555
7124
9845
9297
1239
792
8792
3606
2474
7519
5899
8475
5566
4378
988
2564
8348
4923
1125
1596
6160
7778
9342
5768
782
971
9343
6963
8493
1232
1361
2532
9863
4290
6515
5309
4557
3164
7291
4134
8532
8862
2642
9690
8674
5206
1446
1630
4736
4060
8822
4424
740
7972
5711
1981
497
2308
2521
3517
7383
3441
5847
1508
9056
587
3193
6430
1820
3751
1460
4711
5504
1003
7868
4421
4338
4952
6671
9063
8806
3695
5604
3567
7595
7849
9524
5224
6298
7737
6428
4331
4119
1350
5467
3415
7170
948
394
7164
1860
7934
8442
5406
9493
2517
693
6794
8213
798
700
1768
4761
713
9505
743
1395
8125
1985
9578
9451
7575
4080
5239
2522
7165
9948
5445
6463
6625
1045
7730
9156
3635
3080
8815
2834
3737
3541
3750
1461
4416
1331
2954
1628
9067
4850
8797
4441
9093
4852
9946
5891
3454
4142
5011
4432
9205
1893
9135
1565
375
8816
461
5063
9375
2022
2381
5894
4415
734
5419
2975
8926
4771
6825
4877
3594
3098
5395
6030
4717
5613
5754
8695
7963
7789
3548
4006
4002
8801
2724
1381
8835
6081
5733
8367
9498
2116
9021
9051
4139
8842
5401
9043
2939
3662
3877
3410
3129
3127
9159
4898
1048
5704
3440
4301
107
5887
2978
9009
3408
1543
2888
1905
3562
9644
2987
852
8807
7658
1447
2660
6876
3709
8639
3774
285
1084
9244
8523
7736
4714
5025
8483
6021
8411
2343
7627
4024
1750
6231
3787
9894
6987
1016
1590
550
2618
4815
6464
9372
8283
791
8216
4360
9680
2183
1927
8460
8341
532
3117
4655
5771
1275
67
6750
2868
2816
1196
2238
6302
6230
7706
4799
4012
921
8260
6697
1632
1962
4473
7514
2991
4560
1892
429
8098
9616
6152
6915
7040
4470
5139
2937
6834
7079
7435
9183
694
4179
4839
7113
2214
4818
4522
7232
730
4277
5351
8967
40
3880
3282
3837
2191
696
5450
6241
4772
2684
7693
4596
9713
5526
1099
3627
8773
136
6559
9218
4197
8712
6977
3676
6751
6801
2787
3292
9640
5559
622
6694
4285
4153
9587
9188
7047
3363
667
945
5317
9686
5110
6494
4083
9917
2880
2114
2846
4701
6395
7938
4332
2207
2061
63
2965
4168
4382
7074
371
3669
6932
9476
185
9398
2541
6600
9413
7061
980
2533
4751
1170
5051
8708
1507
8284
2717
1005
9153
4171
9833
9954
5312
4130
6837
1788
5339
663
816
8157
3715
4756
3988
3822
1459
3543
4605
4656
8655
261
1535
9607
2944
1914
6287
9565
255
8061
9618
346
2481
502
5546
8848
8656
444
2332
1502
1177
9427
2842
1697
6616
98
9034
5717
4050
8267
5383
9949
5119
4979
5477
6410
2910
1251
7652
3039
1114
411
3817
5523
3746
8837
3999
6413
5564
370
4842
1920
6136
8653
4014
7246
9789
753
6304
9785
3883
8850
2371
8402
3793
6001
1324
2641
9124
3826
9723
2153
3681
355
5282
6048
9248
1262
8902
9165
8719
6534
3974
9952
4595
2270
4284
7893
476
3619
3553
1672
2458
2531
3731
5678
5932
1810
666
3407
1901
1708
6374
4151
1019
5081
3416
6036
5830
2226
4291
9693
1725
7447
5482
2791
3811
8449
1375
7464
2806
1952
7411
8195
5080
3131
9223
733
1517
6844
8865
3857
8474
5416
7496
1721
8459
6206
7444
1252
8264
4828
1434
8811
689
5572
5194
5686
3263
9393
6525
8791
3667
7272
6847
4426
5509
5222
6911
1088
3680
7396
7278
8383
9053
7900
540
4823
6647
4956
1513
819
2614
6583
6680
7857
1224
6896
3053
7362
2826
8006
4264
5813
7199
776
4827
4071
9905
9526
9294
5793
6878
5456
3587
4785
7545
2297
3238
4578
8592
1256
2160
8438
6000
9560
4691
9849
1851
6766
6970
4102
1769
766
3447
8881
5039
9769
7619
1528
9198
7592
521
5076
7970
4438
8127
2483
2356
5292
7521
6427
158
87
2622
7953
2136
4401
7477
6166
6759
835
8491
8683
7662
1709
4266
173
8129
3276
5829
5556
3346
944
1859
3400
8110
4686
8394
6979
4359
5167
4427
7636
8628
2089
2753
5782
1841
4895
6591
2817
1167
9926
2560
1692
4016
91
9209
127
4361
7628
103
4096
1950
4417
1781
958
3547
3412
4333
9263
4758
9838
4410
2433
5621
5579
3586
9440
7810
7989
3423
3178
7109
2961
8056
8036
775
7917
3443
2333
8455
1015
892
9491
8552
2580
7160
2409
9110
3243
1789
7913
400
6201
6459
8666
3420
2350
6276
5528
9042
7054
5384
7356
5350
7933
3756
1298
3242
7292
8303
5814
5607
9006
7467
7905
7300
9760
2575
5736
4514
70
1438
3392
4445
5942
6117
9376
3339
1362
3286
7321
5054
8204
5058
1515
2177
7387
2808
475
2681
5802
3814
6867
3639
8990
280
2007
2231
1279
9351
6403
6732
36
1924
5447
6253
1202
9002
7119
2255
8120
665
9646
2781
6667
562
5656
2247
6246
4939
8662
3376
7178
894
6650
4590
5398
6470
6172
9964
9079
2737
8116
6552
6560
8670
486
1811
8035
5720
4794
6159
8117
757
1074
9808
3529
9092
9822
2076
5875
1383
3143
2794
7947
2189
8650
8151
7314
4203
5153
1936
3665
8960
6329
1734
2733
1349
3925
6472
9251
7680
7614
7776
3052
7530
5408
2213
7244
1230
6422
9848
9700
511
5016
1865
2908
252
8074
4712
8943
5298
7985
9399
1800
6123
5641
7190
2696
8790
6852
3687
7753
293
6842
1264
8252
9797
2971
6777
6112
7415
2200
2468
8183
4215
4811
9123
5185
5057
2565
9507
9896
4708
874
3540
9442
7293
8644
6405
9070
9568
2752
6210
4319
3819
5047
564
1815
9190
4100
8398
8534
810
2437
7071
6143
2950
6509
5543
2749
6618
509
4533
3609
9176
1943
6682
727
9431
6200
594
6648
998
7691
8100
6547
3446
3280
7344
2558
7633
5666
7490
576
7731
3666
6416
8550
2266
9214
9232
7831
284
5963
397
4251
6226
4312
7515
6263
5881
9250
7153
5068
6208
4419
294
2300
3940
5332
364
2927
572
7604
9225
8331
8041
7131
2813
126
6521
7436
4884
1308
344
4535
5616
5578
5780
6971
430
9901
3390
2943
4309
9249
7813
7704
649
9304
7159
8350
8290
8060
7563
9858
5378
2220
3487
186
9518
9548
4897
7017
2263
3721
3882
6865
9243
5654
49
7618
7719
4279
6154
1935
1580
1464
9460
3552
8675
8144
4394
6855
6506
2577
8296
6613
8482
7939
4122
9883
7755
8234
5487
8019
6083
6485
3600
6566
3863
2859
8199
5532
196
7379
5655
6255
3807
6044
9910
4973
8857
9868
2963
8269
9469
1623
607
9186
4485
4788
2593
6
695
5585
7196
3779
957
5587
5274
4739
5740
9588
4637
8631
18
7004
4501
3432
3720
4457
6325
4308
9401
6588
3171
8544
7978
949
5831
7277
9464
4243
4638
1899
2980
4864
536
4364
6290
6248
1710
7665
8613
8132
5278
9902
6586
2219
7010
732
7740
5800
5367
4775
2246
866
4987
8879
4058
9590
940
5090
5518
1411
5554
8966
212
1896
6227
1658
1861
4648
3477
7720
876
3011
726
9923
1735
6964
6168
5806
1516
4453
7180
9563
4762
6177
3125
3083
8327
6313
686
6763
484
1449
5557
4282
5547
2820
6948
1080
4101
5267
7830
468
3755
125
3187
6147
4152
7858
7651
3180
5749
6309
6388
8107
7478
6419
7582
7476
4873
457
2509
4636
8057
4582
9107
1287
5291
5798
3185
4498
1634
811
5862
853
8106
4933
7906
593
2041
3327
6594
8457
1563
8999
9467
3209
4055
7152
3451
1532
2712
4226
2546
4286
5361
1075
4871
8989
7461
6872
9814
6037
3386
8714
6468
4038
7454
6122
8713
2736
2695
7144
8391
591
3269
8522
8490
4588
4449
8768
8021
4724
8048
7806
3726
5529
8884
6343
6064
4404
7967
4158
8755
900
4634
9746
7002
7862
7821
6850
6002
2096
1647
184
1871
4808
1853
1183
5580
9428
5166
8149
3937
9039
5279
3685
4607
2099
9307
385
9847
7325
9958
1213
6585
7311
6891
6383
8516
1804
7556
3931
9779
9340
6404
9900
946
8026
3208
2706
1975
2139
1534
3830
8222
8099
9410
3965
9264
7149
4720
2052
6350
1203
449
117
3870
9212
4856
6346
1392
7981
7808
9564
6651
6712
4570
3706
9990
1194
4131
6562
2714
5776
3923
6370
3867
9353
4544
1435
806
8838
6755
541
9908
1481
1533
8235
340
4113
7907
8298
478
6096
8323
1743
4508
4184
7883
9914
8282
5836
8564
1315
8554
3366
4907
434
9418
8578
4861
251
4458
8232
5242
6626
611
8535
5928
2719
3968
867
9961
606
8076
9001
1816
5499
3910
2759
3405
4572
6024
3575
6474
2850
7580
5781
6424
1902
2
5064
1305
6530
7057
8962
8559
2885
3261
9187
2078
4392
4821
7577
9874
2467
6906
3905
8300
332
1501
61
6792
3444
2547
4997
7944
8665
4342
8297
7681
4037
5472
979
9466
1153
9969
4985
893
7968
4836
858
5907
3003
448
134
2334
3049
8413
6698
5822
135
7248
4069
115
9502
3850
6516
9851
2271
8557
265
7351
2149
1986
9317
1473
7495
6788
4901
4669
7486
9416
4749
5668
513
9128
7640
9515
5333
8915
9689
9764
4220
3156
5424
780
4770
2992
7951
9484
3094
8667
1964
4718
7744
5992
1469
788
3202
3912
7844
4009
7117
9055
8660
1191
7028
5271
4740
2431
7425
1338
3580
2926
106
8428
4249
5602
2464
13
7064
7997
8877
9337
9234
2039
8433
6686
9701
9097
3701
6869
4652
7675
8944
7980
1128
311
9596
999
7012
3927
574
2892
6062
3942
813
2093
3957
9857
5835
6561
3663
5021
7162
3307
2870
8971
3844
6013
2112
7642
6035
3604
4479
7598
9295
9753
2551
5867
6816
3505
1576
1953
2694
3084
4032
3498
5744
7784
6486
1923
7445
8615
4295
4196
554
3066
2309
4916
5612
6442
4719
5938
3199
4872
5544
4671
4507
7289
7942
4297
1641
2354
7306
4391
6952
424
8473
5839
8008
8085
1355
1079
7701
53
6544
3795
6012
6708
5105
4146
6358
7623
9350
4241
2459
3399
4559
6291
1372
8988
2217
9143
7846
1090
3979
3304
9772
639
3610
9761
2445
3237
7649
4981
8887
7386
7037
2658
2825
6655
7625
7376
8932
3050
4763
4326
4260
3105
3913
7596
7842
1587
9668
1907
1215
6183
8247
41
8802
4443
7008
2536
75
3132
1603
3018
7648
5289
356
6212
2377
6056
6809
933
781
1492
5960
9062
1791
9482
5098
4581
4143
4413
4059
5631
8079
4320
3314
57
7086
118
8912
5458
7229
6636
3123
2693
208
8921
7882
4429
2363
1234
5507
4631
4748
7581
3684
7936
4112
3677
4672
488
3602
9367
833
4434
4623
2398
9911
3320
6052
3872
4227
7809
2643
320
655
4644
2583
5104
8115
224
8538
6984
1143
3729
1278
8585
4316
9679
2260
8140
8243
4802
8873
1762
3605
1077
3433
3
4513
4943
3534
2128
6854
1236
6318
9032
2720
1552
8617
9103
6411
3725
9068
6563
1583
4954
9966
5660
680
5695
7441
5144
5731
8494
5706
6041
2858
1453
6020
7358
9287
1165
1012
6051
7930
7427
202
545
5661
6336
785
571
3998
4353
3277
8798
2436
7606
4574
7973
6049
2199
1066
7703
5436
2340
214
1008
3335
191
1650
4896
7543
8407
2303
4945
3970
4375
618
6242
5130
35
1605
4066
7711
974
2374
9654
1017
230
1139
9696
8527
1415
7402
3030
8395
9869
8794
78
5972
6025
3253
9230
9329
9818
5488
2306
5387
3248
281
6814
9945
7484
621
1344
6927
5834
5181
5432
9987
8133
7365
1626
8925
6211
542
6610
9302
5399
7220
602
1754
1497
4640
8136
4397
2770
6982
2970
5270
7186
9284
8864
5170
5297
761
8112
8027
4902
4219
7393
7202
4614
500
3364
5681
4843
227
1326
2135
4273
7880
8903
2805
6465
1638
7655
4015
1103
1046
9792
6615
2203
6467
6483
4516
742
1420
8180
7919
8190
8301
7067
3176
1244
2194
2977
7060
3893
6275
4133
8774
4694
2224
195
8146
5766
9213
1643
8249
6572
6639
271
5178
2680
8890
8894
5026
1852
9246
6705
8998
1152
4542
4564
6354
142
1539
7630
1911
8072
3982
2552
8104
6322
4949
4057
3308
3845
516
3980
6897
7371
3316
4386
192
8337
9136
3265
1276
1965
7265
2985
7069
362
3838
6080
3121
2986
779
8876
7182
625
3949
3411
8537
9162
2503
4803
1562
5500
8447
2728
9247
6619
9325
50
2002
1591
5275
8065
9085
5611
2762
2154
3137
8210
393
5632
9929
2033
1025
2037
6391
5192
6684
2442
7948
984
6353
4393
1776
7155
206
5476
3291
5535
7267
4259
9904
5759
4882
9320
2084
2204
7548
7217
3800
8836
3087
518
4420
1494
7814
1096
1092
4008
2242
5435
751
5244
5392
6643
3991
1456
6292
9349
2700
1947
7342
2685
7148
205
9278
9348
1047
2384
5161
3350
8118
9731
8994
6104
9619
6513
222
5149
8933
8244
5441
7924
5234
871
8414
6614
3256
4728
641
1916
8840
3644
6858
2768
8685
5126
3262
1145
632
6597
6553
388
7146
7100
9503
6564
8311
5027
5756
6654
7251
9737
7897
4042
4702
6367
4667
4062
8012
7659
1122
4880
2656
5
7014
8600
1823
9890
7828
6402
1225
7922
760
3006
8176
1400
6489
2907
8568
3781
4167
5147
9778
8627
4465
3099
322
6378
5765
3578
8258
7668
5146
3523
3480
6417
3918
4881
8563
9023
8634
8163
7081
3457
3748
8226
7613
4809
8709
2862
6091
7540
7108
7167
88
373
1131
7774
8403
3163
5448
2443
5519
5148
256
4494
3535
3724
529
5374
7837
2959
941
2946
3961
2367
4085
2704
6889
5069
6709
9514
4744
9101
6830
1038
5811
4358
9815
4335
3568
7151
4773
9800
5464
6510
62
6919
3047
2702
178
9887
9520
4268
3463
5010
1300
7128
55
1178
6657
8286
1173
3938
1023
7904
7400
3326
8179
8489
7996
8547
172
2365
1452
5109
4063
1108
2118
8929
452
8498
2896
8150
5316
7458
2171
6579
105
2972
7422
3584
318
3489
1872
6875
4366
7364
6129
4840
8918
8039
8001
6164
9608
1285
5859
9801
8608
9331
6286
4630
843
56
9828
5864
2822
6577
2899
7621
522
140
712
6700
7072
4999
9675
3816
1595
3168
1845
1509
5235
2651
809
9315
8487
347
3566
1613
1007
5524
8959
2380
6660
1696
2451
8810
4346
4776
5752
5391
6731
120
4161
8741
7817
339
6737
9490
9706
5710
9928
6120
4067
7266
1826
5455
1646
4742
8919
9228
669
8526
1884
1608
5551
4627
97
1421
1271
7695
4651
3493
1229
8375
6733
7602
1836
6382
2326
6898
3045
4967
9603
8761
3274
9396
4757
6257
2567
7914
3742
8672
9306
2967
2848
8360
6606
8094
2272
2909
5574
2100
4191
7033
2938
9191
8173
5865
9018
2407
6043
6423
8904
6115
987
6800
342
8782
5761
9682
4968
1581
2336
6229
4855
7340
3591
3799
6599
8859
4034
3249
7724
5100
3698
151
5157
7394
5498
620
716
7179
9368
8746
1946
5982
2953
5335
32
8961
6611
8047
9066
3890
7798
5755
3717
1409
3128
8923
6334
4586
1573
9962
7743
47
875
8353
3384
1169
717
4084
2654
9221
2164
9865
9813
6757
9076
6688
7940
6150
3581
9913
4210
4990
4395
7786
1736
7374
2138
964
4891
3037
2402
2123
2841
7249
4723
9115
417
9407
8785
4911
2070
2285
3871
6681
1156
9472
7645
8279
738
1719
1825
3421
1468
3668
6057
8805
7600
1078
2063
9402
5923
3450
8931
6937
9625
7733
2839
744
6352
2590
7009
5373
7263
4541
2341
9150
6974
8545
263
6691
6859
1445
1126
2056
7912
9319
8246
3528
5849
926
51
9546
5594
2418
3343
3161
915
465
6323
7369
6425
4766
3699
7561
5189
2595
3207
9704
5439
9672
7076
626
9839
9709
6068
7438
9663
8679
4173
1621
6282
1366
3708
8268
7818
3043
8276
423
1476
1694
6993
5300
8694
2875
5287
6856
479
1442
523
4263
2956
9665
5868
438
1041
1226
8274
7752
5037
3862
2325
9072
4070
8370
6835
7201
930
8587
863
1973
9028
7898
2931
5121
1726
8352
276
2801
427
4696
7795
9499
5737
1352
7020
4625
8832
8503
1960
9369
6820
3152
5561
4450
2778
5241
8364
6738
7307
9133
1105
1779
5364
3404
1785
2629
7875
2857
3901
3932
1482
4079
2800
9872
1205
4930
1906
1989
4222
6438
8598
4039
4495
7139
2277
6711
9827
4619
3656
5652
4971
8334
4186
7539
4323
1687
4936
2024
5785
9036
5125
5261
6060
9611
3689
8058
2286
8236
8044
129
4402
1353
3014
3046
5901
349
1081
8219
3530
3757
7487
5809
7547
2597
5767
3632
6204
2195
6641
5628
7390
431
6341
8462
5034
5221
7045
466
8950
2609
3109
5386
6281
6299
803
5377
8277
6879
7446
5712
2860
3652
1428
7429
5614
9830
1227
3735
1270
9956
8603
3086
4732
194
4380
6994
367
6551
4104
2630
9852
4098
758
5172
6776
1455
569
1686
8275
1235
1649
982
3459
7717
387
7667
9081
2105
2840
4900
8486
4202
6458
7326
4165
3869
6014
3847
8485
7727
1158
4603
8693
2707
3864
4468
2016
5615
9454
4512
4972
4490
9309
5715
3588
2349
8975
1717
8525
6784
4791
9485
823
8787
5396
7145
3197
7852
5366
1209
2071
6027
8651
4497
5741
7811
2360
2487
3375
575
6144
8321
8684
8315
508
7075
5592
608
7775
609
9266
8841
1597
5272
5492
6656
108
2291
4253
7185
8396
8577
1963
6504
5746
4078
9543
5060
7869
6312
6110
2819
5141
9655
8573
2900
6695
2510
1807
3310
4114
3977
905
6868
6573
1472
934
7206
7474
2876
5156
4548
2976
5676
6826
8760
3705
1413
885
6396
8111
8310
5263
2603
295
7319
2655
7089
9881
9982
4688
6831
2701
3372
519
159
1652
9850
2605
7864
6381
5336
6157
3466
2911
6107
5353
8897
379
8648
1267
2092
4109
6301
8721
7343
1693
8345
7210
4817
3240
9262
8220
6498
86
2738
7388
2373
3648
2420
3873
3703
6973
453
3515
8497
455
2201
7641
4975
491
5778
2672
6478
80
7363
1780
177
9752
9811
8013
1217
5168
398
9639
9041
1773
6902
6342
4105
8461
5700
7982
2187
7058
493
9168
2229
2142
8218
7443
8742
33
531
2725
8202
1544
7594
4180
3413
5667
783
5108
1915
4503
5176
1944
3042
9532
8866
5238
6690
7823
4466
909
7794
9105
3383
5293
3254
814
4193
7758
5870
3518
707
544
3060
3296
3711
3972
9409
4722
4467
3589
1322
6985
3122
4327
5159
8590
7812
668
4521
7494
5177
3504
1995
4518
1258
1060
1805
2827
3239
275
6890
6781
4565
8551
5301
2352
7276
5442
583
9666
1199
5624
5946
7991
9823
5368
9189
1798
2134
5779
4532
1976
3172
24
3900
2158
5550
432
9487
2540
9038
7881
3205
1155
4318
3210
8349
8536
5124
2513
8170
6034
5086
6845
2578
8307
7338
414
3344
5250
9014
6633
6604
1749
3810
8938
1337
8259
1774
533
7965
2863
1784
7550
826
4239
6808
2290
4339
8892
348
6271
3509
6169
8184
7555
1968
7304
5637
145
2412
5414
8443
5427
5195
8956
8055
2650
5610
9632
555
8733
3419
9084
1242
7403
5422
6137
6488
8338
2009
8020
877
1220
1101
6701
1778
7653
8335
2364
2847
3895
5078
5043
8227
990
7994
938
580
8625
3409
1795
8913
9417
1932
7328
7318
2624
3051
7354
1397
952
2527
7998
4646
3112
3424
5073
8233
3035
3502
420
9086
359
5545
2338
3196
2713
6526
5404
121
4946
9048
1857
1506
5473
3832
741
4204
2064
7414
9095
1564
7088
2440
1163
705
8781
932
8784
7133
8393
1661
3104
7183
2438
6988
3904
4206
1259
7797
6990
1488
5622
9652
9456
7462
9788
763
8186
7925
1277
3499
1797
8080
6851
5470
5362
3169
1718
7763
634
597
4730
3976
1257
8891
9447
8038
8477
410
7
9324
4482
3076
1212
2920
3130
3036
3796
6490
6135
4090
5748
1370
5576
5573
6279
9935
6722
4075
2588
304
3613
9227
2902
8229
5918
8756
9089
8288
9479
6163
8953
923
2505
5856
6793
5993
5127
7327
7983
7473
2079
4190
232
9677
5501
5246
3015
8567
1695
3322
9836
3351
1983
3429
5142
4643
4983
3312
2324
54
4504
7557
6409
6764
7301
6195
9519
483
8463
9867
8542
5789
9927
4431
8543
2653
96
148
7871
1424
1536
2422
2594
9047
3630
4240
9443
5162
6118
771
3101
967
84
1715
8271
6676
4372
8330
6950
5390
336
5650
5315
2152
5945
4357
1200
6804
1098
8715
3353
5310
1031
1231
25
5200
752
2015
3071
9569
3219
1974
709
4187
7984
8387
7570
7766
5440
4174
7242
5379
3075
7525
1824
2809
6916
5705
4552
8899
5128
671
3571
9075
345
7132
1667
6571
176
1742
1365
6288
690
9977
6260
5132
1744
3615
3719
6338
1414
7101
5732
9834
628
7765
2818
1179
4970
5884
6273
1640
8984
2068
7048
5041
6046
601
7279
2370
9791
6244
3959
1443
5283
7702
5469
1846
6595
9497
5786
6702
7505
4654
8991
735
8900
1433
7745
8469
6863
6295
9892
9537
9207
8847
9841
8378
2669
4293
9258
9582
5479
2387
303
5549
9179
4769
1429
2545
6873
1955
2429
2573
8839
8424
9719
7456
3989
768
762
3267
4618
4511
1571
8561
2075
6918
6045
6849
2747
9468
2182
889
1642
5663
9044
1141
2998
9671
7791
9332
4804
310
9575
6517
1524
8740
419
1716
8874
5553
7565
3987
679
6995
4000
8014
1609
1272
8979
4054
2369
6390
4025
69
270
6861
685
6673
350
3511
6714
470
2538
7091
150
7990
9820
5389
6665
1674
631
5906
8145
9676
5040
9777
1560
6925
5718
9763
1377
2262
7769
6675
3336
7759
9362
1296
1731
6344
2289
4886
8089
8571
4212
543
9383
4245
1670
2627
592
5286
8795
4893
2958
4267
2887
5036
8821
2267
5659
3646
9
1792
9562
1900
2786
1809
7634
7631
7815
772
2315
821
9860
8440
5967
9648
5207
5896
3935
7166
1357
9884
4082
4135
8799
7709
3235
6920
7705
6362
15
2715
7729
8969
5823
8051
7533
7824
5912
3490
8177
2945
3016
922
5895
6601
9651
2666
3846
264
1405
1475
7726
316
8261
2017
2665
4147
1662
2280
2275
3482
6249
1333
6331
7957
7666
8304
3445
9112
6696
6945
5323
2046
9937
8470
2049
8663
5284
6753
8000
6386
588
9787
9631
5248
9091
6557
8238
4350
8471
2554
8978
9318
1448
2477
2175
534
2193
1764
2425
2141
3732
4088
5653
74
8312
5714
9691
4550
3333
2166
4579
4163
7517
2465
7624
7909
3119
3801
3188
4261
9656
5618
6440
6871
5858
5453
1767
5201
3842
4577
3191
9480
4527
6609
2804
6955
8427
2856
5745
5343
8686
8661
7357
5913
6770
5534
6748
8690
5418
2742
4887
6306
3765
9010
6401
4727
710
7419
3806
4944
4106
6785
3183
9139
7231
314
8995
2097
167
6523
2197
378
6901
6213
8765
4545
7120
7211
8808
5481
1263
8439
269
5931
3804
1
6721
1091
1612
6789
6546
2784
4194
5927
5739
8687
3488
6029
4064
904
5052
6960
585
1340
9859
5593
4536
2504
7841
436
3309
5828
4822
9282
2395
2613
9242
6790
837
1032
6047
3385
7320
2523
8484
6975
8582
4690
3808
5462
9046
7696
9174
5627
7718
5449
830
1511
6623
7804
9581
5257
9968
2471
3491
2922
8851
6727
8594
2119
5769
715
8553
6294
1653
5228
2525
747
2448
4141
1739
353
1356
506
8633
3526
6351
2252
1168
6457
459
7585
7609
6170
7077
2833
7586
1782
46
2209
9374
3247
9272
8621
7097
323
337
7377
5965
7392
2335
674
3776
8500
6031
4506
3921
8861
2621
229
4201
7921
2434
1645
1666
4616
1086
4435
4858
9098
3470
4810
5707
2347
1727
4018
2930
8955
1311
4641
9643
4707
2345
43
329
3360
3683
8985
9240
3922
5305
4192
590
8169
8637
6426
2512
6340
5679
7361
6575
681
2101
8529
3865
6539
5815
5921
7894
6005
1794
368
9541
4835
9394
9065
6840
1477
2411
5226
4428
5035
6099
4853
6976
1814
4029
5677
1703
582
7541
722
71
7848
5842
6762
7098
4996
1572
1880
1332
2798
6355
1371
5683
2710
3603
7827
1051
2865
6446
2256
3264
8958
4547
149
2935
8171
9422
8828
182
6238
3590
9237
1529
5433
240
5694
9259
5006
4362
7975
2198
6926
5583
7236
5061
5065
3359
319
2478
3455
8907
1713
6866
2608
3159
2025
9916
9994
8858
7761
2775
5981
3057
3167
5807
6387
7090
44
7688
3712
4120
8181
8777
2528
8775
5233
2137
4797
5457
8313
9346
445
4649
6332
1514
9840
313
996
6670
4735
7493
1930
5846
5841
2031
9744
2265
5262
2428
6039
1637
7832
6269
3522
7673
9132
6116
1889
8429
250
8139
8604
4980
1186
5015
623
2421
2957
9109
799
4650
3229
1600
3934
8289
5936
769
4354
6892
331
5087
1245
9793
1685
586
9678
4693
4561
1441
5522
3734
4246
7029
6944
514
8317
7161
7825
1193
2083
93
1436
2585
4409
9138
4750
4857
793
6174
3465
3449
4447
9152
496
3233
4474
828
291
1157
6240
3299
2273
4567
9739
7569
2208
3638
2734
3019
6151
9494
3631
4044
6385
8046
6460
3070
504
6066
887
6799
9323
1577
6061
677
4387
2906
2883
8916
1233
5609
9580
4400
8624
7030
4755
7622
6685
3722
4569
4918
14
3833
4093
9794
102
7130
6713
8948
3024
4747
4396
7269
6533
7654
8362
5053
704
9169
1682
2441
9140
6627
9864
969
8726
9193
890
3545
8496
415
8518
9835
3154
2470
8400
9330
7222
5757
6082
3056
1363
6085
7721
7401
5120
3997
7204
3436
7294
6839
2040
653
5330
5288
7728
8616
5821
4851
4615
1714
8430
1339
4813
5003
6360
1527
7637
6075
8982
9674
6532
9333
8980
1957
6364
2081
6997
5630
3095
249
5760
7574
7792
6981
2313
2783
2215
220
5569
873
1216
3714
673
9477
9426
9940
4998
3402
2494
5994
6205
5020
2657
5646
2235
8507
7716
1369
9050
2797
7080
7715
3951
8514
2403
7470
5753
8495
7163
7299
2469
1961
7432
3471
9573
5313
4961
6317
4049
868
2376
4325
3777
8206
5101
5111
9730
3916
2281
2393
8052
4275
7549
847
5229
7433
1702
4549
5567
5922
1607
1423
6535
9540
6778
7309
1593
6444
1248
2873
9577
9521
8294
9758
42
7762
5629
1054
7584
4679
6758
9825
325
6536
450
2623
4969
8054
5022
633
1938
1724
3973
4593
8813
1531
7187
8853
7865
2895
7283
3140
5582
4912
6262
5372
1740
6128
829
454
4767
6125
3147
8767
4150
3945
8
5871
4635
1206
5902
1933
8209
3536
5243
8860
426
3736
9627
1269
2390
7757
2245
4035
8285
7171
9082
9267
6233
5520
9606
718
8702
2542
4862
9327
1335
2475
2921
3048
2476
207
7230
7261
3153
6505
4471
699
2287
1625
3950
4879
7359
9216
4846
9605
1545
4013
3544
2047
6235
2485
9111
2561
2414
6589
3227
1999
5180
7233
3230
3958
8605
5568
6435
1895
4824
912
4555
7323
245
405
2294
5964
2607
1870
4629
1806
1422
8237
1766
3157
7504
6315
1683
6100
4398
6384
8130
3645
1904
3616
7070
5220
92
3270
9481
528
8405
703
9998
4600
9536
2307
6542
8941
5910
6747
1698
2559
7732
6965
535
1067
5490
30
7271
4476
4254
324
7032
3929
3866
4451
6495
9641
2237
7661
1707
351
3073
7051
832
507
5596
408
8263
6883
7820
7368
8191
7629
6645
728
8033
3007
5344
8316
4086
474
5975
8914
5085
8992
8417
8134
1022
6728
1190
4675
5950
2591
1808
8355
9697
1495
6300
3012
9802
2673
7035
3843
238
6913
4460
2035
4274
6042
5347
7015
9755
6148
3456
2299
52
2646
9984
8066
4920
8182
5345
9566
7191
1478
8509
8706
8003
6376
895
1268
9478
7522
2055
3232
306
2640
5326
1292
6996
2102
3670
9252
6252
4575
9286
721
7406
8827
9184
5337
9829
3643
7713
7055
8342
8309
9842
5848
8540
4875
8698
8700
570
8351
3266
343
7856
9194
9889
6565
7987
9531
9354
9653
4878
6113
7031
4778
3978
1250
1945
2322
7971
9345
5357
9239
9983
5791
29
3146
8739
2251
7475
5673
463
2550
7739
888
7006
4666
9981
1748
7643
3954
1485
526
8478
5072
6812
114
8939
5506
6399
446
7421
4183
838
6631
3396
8610
3924
124
6131
4674
770
6752
5000
8819
5048
2317
7137
584
2449
6531
1829
7799
2032
4127
8167
8834
2948
7785
5258
3246
6078
7850
9300
7988
7027
9930
9177
9552
7250
1288
3029
3550
9740
1056
6256
1137
4047
2940
3371
3398
1866
5635
390
9412
8820
4374
2498
1146
2845
374
1890
6400
8623
2328
6908
6272
985
1839
471
4472
1854
1669
1747
5290
8945
9879
6139
5204
2132
8248
9745
5013
7822
7911
8073
5952
9180
8251
9045
7523
8450
60
4403
7138
2452
9134
4341
6870
9725
942
7700
2882
1253
3357
7084
5352
21
4942
4377
5502
7227
1733
8738
6710
698
2779
3622
4591
6165
9544
3642
4343
1505
5074
1011
4517
1610
3696
2174
539
9844
9950
9545
7538
6779
3124
5843
9617
8059
6904
5799
9996
1069
3483
1856
259
4806
9326
3287
6379
3828
8154
7566
9074
1720
6011
2678
5998
2239
2218
8187
2399
7334
9405
3607
4910
2596
3118
1937
5008
421
1110
719
3829
2730
2163
6432
1474
3289
6223
7754
5415
2261
7068
6846
9344
6862
7240
846
848
4576
1138
9724
6720
4733
2426
1878
1389
8196
152
4003
6251
3319
6899
9915
79
2293
1222
2835
9775
9551
1663
8444
4825
2893
9328
6719
6587
5845
879
6443
8508
6003
1329
9703
8142
6176
4915
2854
4238
5897
7399
9078
9147
5446
4597
2104
8574
5581
6158
8973
4909
3155
100
4242
1940
9061
6668
976
1297
9591
4604
2127
8669
4531
7397
8803
5474
8905
2427
3473
3533
1585
651
20
2851
6802
9711
2410
6254
3966
1219
6187
6017
7174
8654
3525
3216
9236
9182
7860
6408
7976
7516
8705
1471
5691
4205
8454
3186
939
210
7355
4984
4166
1161
5033
5525
9601
5997
3794
3184
9275
1385
4950
8647
5340
6293
7111
2030
1614
7779
3453
8499
1039
3283
6972
8935
5716
5850
8018
8250
6674
9355
3347
6234
6480
300
7197
3839
4092
2869
1745
289
2011
4322
6418
7337
6236
2316
131
8401
6644
7431
3557
2526
5428
3617
6475
6811
8749
4107
4613
8435
4043
68
7440
9217
9871
5134
2814
5692
2094
8305
4091
392
8453
8668
7192
5577
6496
8208
6153
913
179
1635
563
3272
7295
5531
1490
896
6310
3179
7546
3565
3228
1886
600
924
5977
8292
3527
2115
4525
8333
5409
2914
6672
9880
6237
1620
5370
2304
4349
936
9988
1684
7105
209
3519
2225
4599
2928
9750
5431
5904
8977
9160
3834
4829
566
2968
7339
7773
7134
8441
6219
5969
865
3275
5804
4962
1188
6357
4681
6765
7215
2750
9754
219
9513
7313
3849
7840
8602
7039
1302
2392
5187
8689
5603
1367
8769
190
4831
9897
5762
2807
6659
4486
1151
8588
1594
3373
3941
1374
5260
9712
662
4010
5851
3749
4844
3162
7819
7960
413
6954
5341
5394
4027
5812
4418
5155
9167
6196
1863
2984
6121
1525
1418
1993
7780
9385
5320
1033
9017
85
9052
1657
1655
4917
8242
7366
5772
4906
2085
5962
1579
7469
6663
181
428
4145
7218
4477
8732
8609
4094
4859
3204
697
6833
2107
317
3160
1604
884
4138
5688
9204
6652
7001
6392
9313
6471
7955
2405
1384
9528
2185
7692
9695
2250
8997
3691
1879
4162
4869
1926
5973
443
3693
1584
6716
5697
6942
10000
3825
8049
6050
882
4356
9533
6527
2157
2757
9610
1006
3596
986
3559
7000
1249
9269
3484
7481
786
2074
6220
3452
2982
5468
748
8638
3250
6957
834
3325
1598
1971
7331
5999
9549
856
6608
3144
8198
4252
8031
6726
1954
8734
8974
7241
4602
5403
8560
4695
197
6992
9102
5640
7800
7932
8101
6476
6497
5801
7102
9163
6469
8004
7209
1207
9559
1967
1796
2388
1040
2221
58
4097
8113
1318
5784
7847
7872
6567
6772
860
7449
2288
3678
9000
5265
81
910
4313
1676
2516
2205
5018
6209
2830
2755
9517
5876
7056
4307
824
4200
3434
7189
5009
2866
4566
9906
2013
7352
2348
4299
9151
1013
5198
737
1803
7413
6634
354
7829
4053
153
3041
5508
8750
6499
6284
2430
5636
7094
4278
7747
3403
7901
4132
3370
248
565
9991
1432
447
5991
307
2210
1097
2891
5005
4178
1556
9805
7589
4289
9310
4073
1855
7254
629
5493
1566
4056
3279
6477
8502
3813
1286
8727
8963
8917
5548
380
4800
7417
9120
7590
4935
3570
1752
384
473
2318
4745
1958
9806
8306
8445
1394
5826
2140
8972
7329
3284
7114
7742
9824
3697
8629
2751
1104
3785
3841
1997
9649
8920
6780
2772
9751
9856
6841
5227
8188
5160
3579
6888
6126
7949
8556
7023
8009
3592
7270
660
8193
6843
4221
1877
257
2482
2570
6203
950
7513
5135
7350
4583
4680
3818
327
929
8697
3175
2122
3853
2038
6817
9371
4874
7391
9965
6481
260
7024
9710
2711
3947
2165
5872
9131
1838
5461
8211
8716
1000
8659
5990
9321
9390
6558
6922
8156
1148
6894
3821
857
1419
2811
1751
2855
1651
5989
315
7751
7647
5934
9030
3017
7511
8954
2050
6783
4262
2010
7615
1817
2544
9293
3149
7966
6320
5268
1360
9853
5751
1391
2555
9397
4235
6133
1181
8826
9688
8599
6771
9776
2090
9238
6225
7428
2258
3775
2837
7534
9400
4185
7418
2718
6145
6640
399
4336
9441
7260
8097
4706
1489
5719
4232
3595
4
4408
8281
2810
975
6006
1115
8322
3897
7599
4661
8092
1575
3948
1847
656
7112
2062
9508
7034
9673
5984
911
1793
2389
4315
4993
9314
3032
23
1813
6978
9108
2091
7506
6666
258
4444
8833
7315
7902
7349
4737
8928
5046
7175
4345
8569
520
1921
1317
3805
391
4538
9496
7214
9855
4929
1246
1627
5985
8579
6760
5029
5890
1037
2241
9992
1910
3401
2124
4046
8566
6466
4645
2874
2337
1237
9130
2358
3302
144
8993
5817
5820
4213
1223
859
7748
1972
9747
5318
143
7140
8040
6109
9256
2925
8409
3387
567
3107
201
844
9556
914
6622
4328
9657
2767
5527
246
7974
4456
5542
282
5515
5738
8325
2581
1261
3150
1888
4746
5089
2417
1214
3760
9458
6773
9955
8896
8148
8245
3025
4231
1988
4484
4181
3001
4118
903
155
2131
1004
2043
2993
2995
6519
9298
8630
8635
6308
8166
7122
5381
1728
8228
3214
9166
3704
7501
1116
9832
864
6956
759
840
298
8829
6798
3393
4352
6584
1174
4847
2001
7213
5259
4838
2897
8852
9395
6447
489
2180
9986
1671
2344
9722
3513
7836
6491
3317
7929
6063
8155
4433
1570
7049
8064
6605
739
3640
3044
3103
9280
5957
4464
1664
2254
8735
9453
4955
8280
2529
4137
1444
8614
3875
4031
1864
1874
495
7770
2774
2401
254
3138
7536
9470
2454
3091
3377
7463
7735
3195
1549
5407
3971
6730
2495
6451
2028
7690
2568
9716
2812
8728
425
6853
2934
869
7969
7650
8230
6903
3369
9404
2723
5410
1561
7714
1309
6703
3682
8293
2687
9373
8764
3655
6289
9173
5452
8368
4994
3772
8546
243
5953
3854
1858
1265
973
8771
510
6540
1523
891
7205
5495
9334
1291
2362
2615
1835
7999
6607
4228
218
6065
9667
6917
8649
4041
160
6958
5213
8549
9450
9971
7843
9255
800
5747
4789
6900
4834
9335
5873
7790
5915
7154
2682
9040
7193
6617
5264
6824
4144
1273
6132
6576
9004
6487
3994
3072
2444
2507
7926
8872
2415
8964
4941
4704
5730
8201
9735
5324
8214
773
9378
2612
8937
1112
1437
3315
7312
9715
8121
6735
3427
6198
3328
2898
6266
3120
4524
5775
9444
6512
3058
2878
9941
3318
9113
9087
9557
7503
2735
8017
1551
3189
5050
1741
2635
6706
9149
4682
4121
5465
5597
7734
7962
2661
1274
9197
3389
5878
1024
4414
5056
188
1307
6874
8818
8371
2394
5879
3023
2872
907
7838
6326
1195
8122
1711
99
1149
8255
8421
9164
5307
2321
64
1354
643
8239
5674
4439
1134
8326
1849
6998
6182
1633
7451
9634
4639
372
4940
994
604
1009
19
4841
7479
4430
3569
1624
8996
3956
8270
9516
17
3782
2004
3928
4236
7611
9170
8357
9202
767
2021
2771
9831
8452
5974
7676
1107
702
8062
3539
3074
2368
3431
5773
4500
7335
2232
7671
2319
262
953
4125
4469
1771
1282
1071
5154
6055
7243
3649
4687
7603
73
517
756
5236
406
407
6492
970
3887
1221
5209
4622
5874
5837
1076
8481
3026
7405
6191
2877
3620
3381
3394
8377
3944
4764
6173
3626
4716
1021
2019
3485
1699
198
8642
8410
2228
7542
4074
5516
6274
4921
8809
2292
8751
6895
682
4515
8385
3784
7945
8940
2799
4995
4537
2234
5698
2576
9430
2828
6746
4156
3889
3148
7395
6717
6939
7262
8867
2511
5626
9172
5560
7564
5423
5933
4798
4710
404
5183
2589
4108
2486
7710
9363
2491
6452
3349
5356
2372
1919
3448
6188
2323
2572
8711
1559
5939
6259
8511
27
2463
6038
9756
3368
297
2391
919
2796
4665
7025
2815
7188
9203
3338
9790
290
156
8347
34
9873
4598
3664
5114
9547
557
2637
845
2732
1897
4140
8539
1840
1123
4369
5857
4330
1035
4115
6782
9576
8619
1761
2610
512
6072
8466
8704
231
5951
3836
7683
4081
3514
1654
7573
7961
5459
3192
5819
2606
7612
3674
9699
8192
9037
7782
2065
2113
1512
3293
7796
5103
7699
8389
2871
1480
684
2330
8632
731
4048
3092
7956
9595
7995
6156
2283
6097
9219
5002
3986
5734
3418
7888
6961
5400
5451
8584
2962
9683
8676
8780
9312
7234
6146
9389
6810
4621
778
5885
7562
1197
4347
6664
451
5122
7003
4689
7567
3173
6093
6098
3598
1334
3097
9011
6949
3884
5327
8725
5777
8789
4381
4128
333
9027
437
9171
2587
4927
2196
2744
6923
9726
5145
610
3088
28
2279
132
4182
4731
299
7499
8354
6415
9633
9963
8476
7698
8504
1758
6679
3766
8081
7308
9026
1467
5196
880
5724
9316
5889
3065
3914
645
5947
3031
376
5485
1063
6101
5411
4937
433
7360
3182
4110
22
4610
2143
2790
4208
6441
6185
573
1541
2006
7723
2000
8042
9810
6555
6114
5055
6414
595
9488
8319
5331
9290
7518
3894
7203
3727
1210
4573
3546
3907
3780
4922
6935
5940
2058
4812
729
5075
8804
3741
6431
5513
9561
3462
6202
9127
4491
3337
5959
2705
7016
5097
624
9804
549
2088
5497
5255
6333
4709
2690
2803
2709
4628
7253
4543
3628
977
6924
872
5672
4692
9449
8814
8366
6194
6621
7527
2432
6335
8965
4247
8392
9944
1842
9347
2227
16
1526
1412
4117
3763
7826
5215
7044
6537
5555
3290
138
1204
9461
2233
1102
2361
4978
5987
9972
9529
5743
8152
4442
8593
5240
954
8626
6149
3996
9997
6448
6662
9638
6090
3331
7385
4793
7026
5900
9054
361
9774
4571
2924
6745
2620
1393
123
8688
6736
505
9732
6321
3503
3582
2314
5589
7771
755
7610
9434
5792
787
8722
937
9486
870
3654
6503
4787
5866
9993
77
7488
7531
997
3599
6420
365
6653
1050
3110
3479
5443
8467
3417
4890
6086
7760
7224
5995
1407
6314
6968
9957
4230
3414
8090
2192
659
7280
6637
4311
4885
8419
5355
9465
5269
5645
217
5299
9662
2756
6070
2905
5625
241
6910
1844
931
2077
5113
9003
6305
3257
7767
3783
6967
161
2777
5639
3657
9862
9154
2462
8369
9338
1439
661
9226
1184
5212
8570
7738
8299
6239
6026
6373
1738
7063
6907
7492
9336
2760
5253
6228
3679
5892
7697
4225
5600
6161
2634
965
1018
676
5996
2699
5152
4370
3858
5505
8114
4020
5670
3824
1058
7096
5197
6009
3194
4045
7286
1154
2649
7537
175
4499
1159
6162
6518
3936
3661
1049
4938
1454
1681
3933
2173
6593
6058
8681
5533
5943
4028
5186
2386
8770
5266
2259
4754
2584
5586
5232
5304
3671
724
4928
4509
7268
7689
9742
9594
7507
1336
8745
3301
3761
5917
9365
4233
109
968
1479
503
6015
9773
2740
1644
851
7873
6138
8657
1969
6337
3618
2703
1690
2117
4860
5608
1089
2479
9035
7038
5067
5306
1029
2557
6885
8373
1404
3497
5438
480
6445
3885
7903
8575
3686
147
3524
5818
6508
2864
1912
9512
2257
1470
1588
2274
1777
5926
4019
274
3126
9235
5638
9974
7952
7954
2170
8870
7833
8381
5417
654
7877
5966
4189
2098
6371
4021
794
8533
6412
6941
5510
1873
3000
4883
4759
2743
4195
9669
6827
2461
3542
8083
3288
3647
8908
3564
422
113
4304
8744
6067
3281
7150
7420
2212
6813
4373
616
6999
598
8011
4296
3300
4294
7616
9734
8855
4992
9885
389
1941
9201
5184
5643
6838
7437
4223
5852
9934
3852
6549
2500
1162
9471
4833
6439
7465
3382
9016
1457
711
7626
8408
8397
6880
7663
6740
4159
7946
7861
4351
7297
7310
4448
4986
3574
2941
5237
3486
6548
901
2298
9311
7158
330
3054
7434
8075
6134
3856
8748
8030
7290
4493
9322
4558
9636
3531
2151
3113
5853
9687
6603
9025
4305
1373
1388
8265
8597
6095
3198
5077
1280
4919
1848
9593
8558
3500
552
4234
3475
7918
5588
236
1147
1382
8416
2566
321
4462
7430
8082
831
9296
9492
8759
7816
3460
3345
2692
5949
472
6004
8758
9379
1991
3733
7497
8390
4905
6155
7725
8418
6642
9421
2167
9420
1631
235
8753
228
9766
7466
9628
8863
4782
3115
6936
3809
7772
5131
7685
2633
9192
1293
1812
2400
6669
6774
8906
8737
6171
5093
1554
2144
6285
1095
1254
9090
6929
2375
9423
5651
7116
4612
66
3100
7572
2698
3764
548
477
9199
5558
6528
8825
3374
3563
5664
7173
1732
2268
7303
2014
6529
8909
5302
6180
9959
9826
5575
5412
9895
492
4452
287
8717
7750
9141
7777
5914
2758
6142
3108
8436
1327
1284
4913
6864
2915
9767
1928
9599
2161
3116
5601
458
216
441
8253
8591
94
6914
3273
9308
7694
8779
6678
8437
9099
3062
4820
8194
9759
5916
4368
7129
8468
2501
9220
7803
4412
5920
3874
5491
1547
2543
122
2230
6739
8620
2913
3692
8376
3428
3323
7879
4411
525
579
4306
1325
1917
5968
4781
7172
8736
8320
3010
3496
9020
1891
7587
8124
3244
1705
5480
5385
4224
1882
9866
3245
4991
1187
8743
8882
8119
596
9931
3985
1827
3831
3021
3792
3305
9876
4423
1462
1723
5552
7127
9784
1542
4437
1030
3329
2497
1602
3141
3798
3823
9462
1345
1801
1518
5503
2745
7107
1342
6886
2488
8718
4365
7450
5208
3820
2763
7916
4407
2936
3995
5017
754
3812
3730
1185
560
3474
1386
3702
7853
6734
7103
6860
8778
3236
962
1837
7066
6511
9933
2320
3078
8817
1510
8406
9980
1484
5570
8692
750
4481
5489
3577
561
3802
6749
3634
7041
116
9613
6715
8824
3068
3743
7923
3551
4334
8910
878
9033
8203
8696
6724
2146
8788
5882
3969
749
7195
6023
5082
157
3572
5251
1843
8037
2942
855
7043
7528
3435
3653
7892
6909
6744
4271
2120
6819
2729
7544
5514
2579
9080
5565
1822
3494
7046
5163
5112
9947
8519
5115
2439
4317
2748
5563
8646
4889
7793
3397
5349
9268
1765
1636
4017
6215
3909
9210
3294
8431
3278
4546
1722
5675
6520
4176
8942
7591
9429
6473
5599
9843
6550
2162
6756
8217
1819
4489
9384
9624
3611
183
3241
1578
277
76
6767
1599
2990
6493
5019
7876
6620
6683
7863
3659
6453
302
4177
9387
5014
5426
647
1121
1068
8025
6815
3561
906
3778
5979
2223
8924
1260
5893
1828
4780
9780
1465
3306
553
5437
1760
1756
6569
7221
8426
8762
4519
8754
807
6398
2879
5955
827
6931
1483
4865
897
7781
9604
8015
4129
382
6635
292
8332
366
9658
955
9424
4283
9765
2305
7485
2480
527
2739
3859
3752
9146
3079
4103
5460
2053
9273
2457
2571
1106
9592
9446
1978
8583
7529
3422
7332
6356
2832
8513
5466
2027
7345
9647
1094
3960
5413
5709
650
1521
3788
5796
7708
8922
5099
9919
992
925
6479
8399
5824
9976
4149
5980
2886
7143
5619
7264
836
862
9222
6693
2339
1499
2901
1689
1387
2675
3930
146
8096
815
635
1574
200
3768
9960
4126
8812
1347
2080
2168
5758
1639
272
6806
37
9281
7646
619
7059
5123
3439
5247
8868
7687
7106
8531
5689
1171
7532
7083
1862
2042
5169
4337
6102
9692
165
9015
1111
1065
9629
4870
4329
1606
6077
9196
1070
26
7483
9206
7608
2095
3190
5138
5954
5937
2674
2601
6359
3660
2383
8028
5961
8671
723
1430
966
6581
4492
3892
9064
2236
5684
6283
3231
1548
6437
6602
1994
3271
4819
3358
1987
7285
1304
7866
3501
5925
3200
244
215
2133
39
5690
3906
4678
139
1589
7228
7899
4617
5295
1939
8517
8448
2301
2159
7579
4705
8356
3848
1691
5735
701
2556
180
7597
8225
8601
8063
5727
5294
3252
8374
2216
7571
4250
3908
3395
530
1712
8949
1530
6943
5004
7021
4556
1316
4814
9870
3038
777
1028
2310
7316
9276
4124
3096
2108
1799
7168
3212
5319
233
7372
2636
8029
8701
7104
640
357
3028
2240
4385
2169
7601
3321
1124
9799
8766
9119
1466
2867
2722
9058
6742
9077
9303
3835
2008
850
5803
3430
5844
4989
3008
2243
3303
3641
1109
8446
8432
7878
2385
4033
7050
5703
8658
1982
5924
6010
8328
2890
6482
5908
1113
6018
4288
6363
5764
4175
7682
1553
5133
4425
4461
646
2269
3538
4030
5211
4697
8831
6638
8308
1010
308
439
3166
3773
7678
6250
6270
1934
5096
9922
3597
8895
8488
4792
5348
9637
9837
9231
4642
7677
4478
1310
1201
8927
8983
112
2023
7110
6887
5790
4888
4256
4157
2029
9388
12
3255
3993
6803
1617
9589
7554
7455
8109
6582
2530
1198
2933
4367
7959
1677
7022
89
8295
7457
4660
8786
3352
1100
8946
2211
1425
4664
8976
2453
7384
5833
1956
3521
9305
8555
1948
9253
4948
3181
8548
5092
3962
2150
8757
5150
9967
7993
266
4116
2647
1755
5371
4502
589
5763
1301
8645
4272
3710
2302
9208
7078
8986
2861
9539
2206
8131
8878
983
1057
2534
418
4065
2253
2773
6580
8386
7472
8622
9083
5190
301
2051
7259
1348
1458
5205
9570
1427
995
4405
6007
825
7007
9155
5216
7807
9073
2628
3608
6069
802
2379
9114
1440
8464
883
5280
8565
7381
2408
2506
6775
2548
5044
7509
8159
642
9705
2793
9861
9749
9609
7282
5808
6805
2264
6339
3633
4488
381
8710
9241
4036
1130
9924
8673
2670
6649
746
4959
1059
9875
8221
3354
3215
1396
2249
3063
9932
6507
1990
1343
6991
2419
90
4868
5606
7212
9953
4653
3340
464
7576
3177
9265
3688
8987
4229
9455
6303
2912
9008
5539
4218
8772
4077
9899
9635
5496
5117
9341
6689
657
5136
1243
9438
8512
2502
6797
7181
6905
5173
2186
9104
3174
7169
286
2086
2331
6630
5296
8314
7941
1875
369
9181
5193
1014
7423
1763
8256
8752
9279
8071
558
4001
4783
3623
169
4052
886
1303
5702
130
3467
1618
1408
972
7639
2188
6258
2697
5863
9392
5182
3723
7834
4774
3425
9554
3224
1135
5886
5898
8123
8143
4699
3251
3745
7367
101
3002
5471
9527
174
3085
1833
1290
352
720
5708
1238
2472
4076
7964
9938
4388
498
3917
8843
5175
6524
6687
537
7347
1313
551
3106
3005
8153
5623
9975
784
6632
9796
9727
3868
6033
7937
6307
6940
338
1001
8528
9951
4683
31
7095
3707
6570
5106
4685
8379
7915
7099
3114
4786
3090
4777
111
7935
8138
4816
4926
6568
4007
485
547
2951
1929
5633
8388
8067
9500
3625
2054
3975
3786
678
5444
2549
4160
1679
9013
9757
1922
8343
4258
8178
5562
2087
2823
1619
4355
8162
9670
7407
8506
5722
8636
2785
8023
6127
7257
4784
2999
556
1312
6406
3406
1519
5116
5359
1176
796
841
993
5571
6111
326
6590
2917
4673
7839
442
963
7281
5517
3694
2490
6079
2884
1818
687
1673
9798
4894
5365
6947
3348
9642
638
9116
6455
3295
3860
7620
4624
9535
790
5536
5045
9175
7255
9117
7992
5530
6119
2994
6345
7284
7851
6449
4324
6141
8707
8340
164
2721
9736
5276
1164
8883
4670
128
1359
5877
341
6980
630
9118
9288
7558
1062
2923
462
1730
7005
3139
4383
1830
3650
5219
7093
4779
396
4371
6199
7296
920
1463
8068
5245
5729
6836
6221
3311
4287
8088
9301
1402
8699
3472
7854
1868
1044
4217
9660
617
7115
9069
9978
5354
273
1283
7931
7787
4169
736
4663
1379
5380
6105
4960
8078
1166
469
5810
7887
2172
7508
6216
7884
4483
1314
5032
5393
1321
4523
9448
4904
7764
1700
6983
5091
223
9019
383
2689
1665
8607
6190
4292
808
7684
2045
6628
3218
6053
2983
7298
6989
7950
8412
9728
7382
6857
4830
4725
2677
1675
5986
5662
2683
4310
48
4849
9506
4715
7223
774
2663
7746
9504
8302
6040
6407
8363
578
2493
5770
9100
6969
1064
4908
3508
2067
7157
1306
3827
9771
154
7235
6624
7346
5728
1341
8165
5944
5816
1182
5941
2473
7305
9615
9878
3879
5223
637
10
5342
2792
4854
3009
4269
9907
9419
3067
119
9408
9970
7593
3027
6450
5657
943
7886
5905
4698
9821
2353
6598
6707
2586
8472
9029
7498
4976
4584
7859
6380
8010
6454
4068
7156
2979
2355
416
7559
7062
4977
1281
6184
9920
2145
386
2413
7835
133
2964
7471
5956
8849
9921
9285
8871
3593
9377
9903
5475
2829
6103
7226
6197
2726
3134
9985
6349
1737
2020
8434
8172
278
2981
9445
5143
7669
4924
898
3064
8365
7018
8007
8664
6818
6743
296
6054
5071
7890
3797
110
8678
7052
4562
3206
4061
8174
6646
1913
8606
1142
3738
8053
935
881
6265
4632
9005
2754
7644
7707
6461
9586
7664
8888
5360
3268
7065
6934
4768
3059
9254
4964
1656
5059
7239
9060
8981
9148
6786
3876
2932
7141
7617
6088
4023
9579
9211
4209
7502
8200
213
7958
9483
8451
3716
3899
7578
3636
7238
9510
1931
6186
4765
9661
1592
3332
7885
8720
7412
1942
5191
4455
2765
2966
4953
8730
1701
6032
268
8016
3481
2005
3355
9121
4087
6207
8372
4040
4587
672
9612
4957
8763
2406
9572
2960
8043
1569
3361
6087
4216
1002
9126
305
203
8524
435
2066
9523
9391
5118
9489
9463
9432
4340
9817
3469
8207
951
2904
1180
8141
8005
3718
5838
3520
5024
2147
5805
6796
2435
1622
1172
2764
3915
849
2514
6959
5214
7322
2611
3943
7245
636
7896
2949
3033
4832
9891
2359
3911
7389
4270
5088
4721
6912
2766
499
2836
6316
6823
795
6928
5179
8359
7855
6761
4609
6232
3881
8856
1678
1487
4982
692
6884
6704
3285
7125
2563
8970
2708
2989
4807
3673
2524
5713
4563
4594
2057
9277
9770
9768
9583
6108
9809
956
9366
7656
1208
6028
2423
3758
9122
2044
8361
225
3170
3560
3438
9158
1026
9357
1688
402
9452
3637
5665
5794
1885
3298
3629
7118
4668
9623
5958
7237
1118
7895
9522
2648
9681
7605
4876
4608
9888
1918
5827
4914
7408
3379
9622
3220
6938
1082
1073
989
1615
2366
267
4647
1746
8580
7194
8077
1491
9495
5696
9598
2184
9437
5171
3754
2248
3963
812
3861
409
5883
3217
2496
3365
9144
6076
9708
1346
2664
1093
6725
2012
4475
4528
9854
5795
5429
6930
7510
2460
5869
9979
5430
7920
664
8272
6795
3920
487
456
2626
141
1289
5382
9439
3747
4276
670
7482
8589
9474
5854
6181
4713
7979
1417
8324
2843
5231
8215
9600
7258
6433
4743
8344
8358
2515
6092
6071
482
3391
358
9185
5783
7053
4826
7670
3081
8611
5325
6434
4298
5405
4348
9071
613
6324
9022
7452
3612
9819
3040
9215
8886
4155
5165
6366
6962
627
9291
6661
9707
2662
3324
5095
2190
1043
9229
4244
5521
7874
3135
4148
2282
1398
4406
3165
1401
1255
3341
1431
8291
5649
6328
9125
2947
6769
2782
5919
4726
3226
9299
2130
8287
9094
6629
4530
6089
3259
312
8968
5281
2156
9684
804
7288
5328
5861
1949
9877
3759
7500
7674
1925
7207
9584
6953
2060
8800
1150
3225
2126
3388
8024
4390
3378
3815
8479
725
960
363
1368
7524
6218
6311
5701
6946
1127
7373
8384
5137
4255
8936
5031
7225
1450
3082
9233
1364
4677
6729
360
7672
5484
2450
395
2082
8185
6372
745
5909
9939
8541
6106
4300
2769
9289
4700
5402
4703
3855
3886
9783
6545
9936
2034
3658
2600
6247
2679
163
9886
5680
7551
908
5363
9925
1140
8212
714
8893
8034
3495
8572
4026
7011
283
335
801
5079
9741
8596
6456
4248
2176
2602
8530
4606
818
5721
6421
9999
9694
9803
3442
6933
9942
5486
3055
581
8231
708
1378
1786
5369
3313
2382
706
3891
6094
2849
3939
3222
6893
187
7274
3953
1498
3478
7512
4790
5669
8875
1876
5277
917
2652
5140
5376
5273
6264
3789
7123
7324
1486
9007
1831
5742
4866
5308
5358
3585
1330
3151
9403
9386
3367
7013
3330
7928
11
8420
8520
5855
2484
9178
7712
8612
279
9475
1568
5199
4988
5983
4379
328
9195
2788
3356
6022
1053
7184
3013
9245
2644
6179
2903
5930
1903
7287
5434
7410
6327
6016
981
9553
1052
978
7121
2396
5584
577
9717
2599
7526
9685
9626
1668
2179
7135
2178
7927
5541
247
2604
916
403
4265
4965
6192
4657
5478
7398
9271
7448
5188
6189
401
4004
5825
2059
764
7019
9698
9435
1294
1144
4684
3770
5230
5971
902
9812
8425
9733
1894
9664
3537
1770
3739
1821
9762
515
7348
6502
2155
7336
5797
9795
6822
2312
4974
2617
9161
5218
7256
3790
2202
5978
9645
1061
3803
8465
9352
918
3851
5634
2311
2574
8581
5007
5303
3461
6791
9381
2466
3342
5062
7085
7867
5648
1729
6986
1834
3840
9088
4389
5375
2631
7756
3964
3532
6297
6245
5107
2659
1380
9012
4384
2592
8189
3990
9650
5538
7147
5948
5540
8796
4633
1898
8158
253
683
8934
603
8885
9425
9274
4011
8640
3362
7082
2125
2109
6768
1659
1358
2329
5225
8422
162
5338
1503
7460
5421
6832
4795
5285
1775
1787
1790
460
7801
4072
3675
189
6073
2686
6484
2582
5202
3898
7891
3672
8521
6261
4211
8137
4931
3102
7459
5644
4188
9292
2894
2518
8093
2397
2667
2853
5671
9912
6175
3061
861
4363
9224
6462
1977
4540
546
3955
8095
8901
9918
4951
377
1351
3004
1567
2731
8595
9137
4903
9257
3297
4123
1027
2852
7889
789
6848
3762
6677
2881
9718
2562
3093
8278
6217
3334
5788
1522
2795
4848
1136
1980
6554
4676
2761
104
5970
4099
5049
4399
5321
1117
2974
1496
8423
1546
854
3492
1132
7986
5617
9339
1550
1042
8102
8889
5537
7468
9360
2919
6514
1984
1085
3203
5012
8677
7552
959
5903
2003
2284
95
3234
5042
481
1451
691
1887
2969
8576
4199
6130
1240
3952
5699
7491
65
652
9364
440
1320
7480
7749
45
8126
3967
5590
1867
8844
8652
1753
648
2741
5658
7638
8241
4925
2789
5591
8724
2520
8586
5203
3458
8456
8346
5483
6966
8168
2455
2844
1175
1504
7943
4752
2519
4496
8002
817
1629
1403
9748
1996
8845
8880
7136
5774
3558
5084
8562
3213
9995
820
9359
3211
6574
1802
239
9129
7442
9382
5322
6394
2716
4837
4801
3020
1034
4510
7741
2018
8510
2638
2278
4662
3223
6347
8069
9571
5832
4111
4805
8128
3769
4589
2691
524
9781
5164
211
1966
8404
4303
9816
5620
8830
1660
8091
2616
9720
8108
2537
2639
2129
6084
8257
2036
2668
5642
6436
3516
5988
5334
8273
8898
9782
7208
4863
2955
2676
4867
7679
168
9807
3753
8480
3510
6178
5249
8105
5217
7424
8776
2688
4454
3201
8329
4520
4237
5880
1083
9436
3069
3992
2110
2821
2645
4620
2831
171
2625
2276
1979
4089
3767
8160
7768
4302
5685
3549
2952
7908
6882
7404
2889
4172
4585
1133
7553
3690
8135
928
7910
3133
4214
9059
6375
3614
3507
7273
9459
9415
7036
6821
4568
199
9585
4164
1493
3983
9898
6277
2148
5420
899
5314
5463
7568
6718
6167
7635
1648
4344
3946
6140
9525
4734
1376
2929
9567
9530
765
7092
3926
1601
2916
3136
4592
1228
7275
3077
8032
4480
8618
9597
8175
5840
6008
7977
7788
2508
5693
3158
237
8266
3555
2499
9659
4539
8415
1558
5329
1540
4281
2619
4422
8045
4551
3380
6059
137
2342
675
3896
1909
9501
7317
6921
4963
6612
1328
8680
7087
6699
9574
2598
1241
3034
8947
3624
9457
4529
4899
8957
9614
221
83
5038
6596
6019
2918
5066
4526
2121
490
6658
1680
7252
9738
1908
9550
9714
538
8161
5129
1520
4738
5494
4505
7632
839
5726
3601
4626
5083
1390
3744
7802
9157
3583
